0 16 35 5 32 31 14 10 11 78 55 10 45 83 11 6 14 57 102 75 20 8 3 5 67 17 19 26 5 0 1 22 60 26 7 1 18 22 84 53 85 119 119 4 24 18 7 7 1 81 106 102 72 30 6 0 9 1 9 119 72 1 4 33 119 29 6 1 0 1 14 52 119 30 3 0 0 55 92 111 2 5 4 9 22 89 96 14 1 0 1 82 59 16 20 5 25 14 11 4 0 0 1 26 47 23 4 0 0 4 38 83 30 14 9 4 9 17 23 41 0 0 2 8 19 25 23 1 
14 35 19 20 3 1 13 11 16 119 85 5 0 5 24 26 0 27 119 13 3 9 19 0 0 11 73 9 10 3 5 0 92 38 17 39 32 7 15 47 119 111 53 27 8 0 0 52 5 7 63 51 84 43 0 1 12 8 20 25 33 30 2 5 59 23 25 105 25 23 5 18 119 15 7 13 14 19 95 119 5 0 0 14 119 103 93 39 11 4 1 4 13 43 62 18 2 0 0 8 44 65 7 1 3 0 0 1 19 45 94 95 13 7 0 0 3 52 119 52 15 2 0 0 0 11 21 33 
0 1 5 3 44 40 20 14 10 100 63 7 44 47 9 6 7 70 114 82 11 5 3 4 30 16 33 55 5 0 0 4 104 46 12 2 8 5 40 66 85 117 117 5 7 3 1 6 0 62 108 86 51 22 2 0 7 1 15 117 95 2 1 12 117 33 4 2 0 0 3 56 117 20 3 0 0 40 78 93 0 1 2 5 24 86 96 16 0 0 0 77 75 10 19 7 22 8 12 7 0 0 3 44 35 11 2 0 0 10 55 117 17 9 12 2 1 14 34 31 0 1 6 10 12 4 23 10 
12 47 14 25 2 3 4 7 14 122 90 7 0 0 6 14 0 24 122 22 2 4 6 0 0 10 93 10 6 6 0 0 122 31 9 23 19 9 8 56 122 100 29 19 3 0 0 25 3 9 43 59 76 32 0 0 8 6 10 7 24 58 1 1 81 23 32 68 14 19 10 23 122 13 2 1 4 9 86 122 3 0 0 8 122 95 68 30 9 2 0 2 26 50 44 13 0 0 0 3 12 82 18 7 6 0 0 0 2 20 112 122 6 5 1 0 3 69 122 43 15 1 0 0 0 27 29 21 
1 1 0 0 14 16 30 50 2 40 81 25 65 37 7 3 13 121 121 15 2 4 4 6 0 11 71 106 2 2 0 0 92 41 1 0 1 2 24 65 121 121 110 5 2 1 1 12 6 96 121 13 4 4 1 0 0 4 46 118 46 9 0 0 121 33 8 7 0 0 0 42 121 20 0 0 0 2 33 105 12 6 5 1 4 60 107 18 0 0 0 15 37 37 30 15 21 2 12 16 3 0 0 23 40 7 8 0 0 2 57 121 14 2 1 0 0 25 70 48 0 0 2 0 1 4 28 34 
48 69 9 6 2 3 7 25 64 130 33 4 0 0 0 9 1 22 66 44 14 6 0 0 1 5 7 4 19 40 1 0 130 17 15 16 11 6 9 70 130 18 2 1 0 0 5 51 12 3 5 32 116 17 11 5 2 1 0 10 80 47 8 0 68 21 47 51 9 23 12 18 108 6 1 0 0 11 130 130 1 0 0 1 43 92 130 48 6 0 0 2 44 130 48 11 0 0 0 4 16 90 10 0 7 1 0 1 5 33 87 84 5 13 3 0 0 35 130 31 20 8 2 0 0 30 26 4 
0 42 55 4 16 26 24 10 1 91 100 12 42 70 8 0 17 48 111 73 19 5 2 2 68 23 13 15 6 2 1 27 98 32 3 1 5 22 93 48 111 111 109 4 14 32 33 24 1 42 83 108 98 43 28 1 25 1 4 83 67 5 4 48 111 41 15 2 0 0 7 55 105 18 3 0 0 34 105 111 8 2 3 13 29 61 78 17 8 0 0 48 61 40 20 7 23 45 9 1 0 0 0 9 30 29 13 11 8 1 6 57 8 2 4 19 18 29 21 64 0 0 2 18 44 45 11 2 
16 36 10 7 0 0 31 30 11 69 90 7 0 17 38 29 0 15 112 15 5 9 41 5 0 3 22 36 32 10 6 1 112 66 11 36 13 2 7 29 112 102 96 32 36 4 0 30 3 5 68 44 91 34 2 1 3 16 30 55 42 14 6 0 112 15 22 86 24 24 10 30 112 6 6 10 52 43 112 112 6 1 1 7 84 112 99 21 6 7 11 17 9 59 44 4 13 0 0 14 70 51 7 2 8 1 0 0 27 45 100 91 28 5 0 0 0 33 75 62 20 8 9 5 0 3 7 41 
8 35 11 5 13 4 4 4 9 41 110 50 8 0 3 4 20 47 110 15 3 3 1 14 5 18 50 23 6 6 4 4 79 56 7 2 5 2 6 22 107 110 110 43 1 0 0 37 0 26 110 110 49 26 3 0 7 6 21 52 31 26 26 15 110 38 1 13 18 2 4 33 110 78 13 14 41 34 110 102 7 2 12 83 59 62 91 61 7 2 9 68 75 28 2 8 86 9 13 15 11 0 6 33 52 14 12 50 86 18 56 63 43 38 15 15 13 4 34 68 3 0 2 24 51 17 4 7 
21 13 18 11 14 6 4 14 39 54 52 10 8 14 5 2 23 76 65 10 11 23 3 0 6 10 17 5 7 21 20 13 63 7 25 13 4 12 13 112 109 112 63 21 2 1 1 40 25 43 41 98 112 49 7 5 18 57 24 14 62 49 34 29 100 14 3 1 5 14 7 92 112 14 28 5 9 34 79 112 18 15 20 29 75 112 112 50 6 61 45 13 33 112 77 4 18 17 5 3 4 5 4 15 28 4 6 1 7 33 86 71 3 8 5 4 16 72 83 10 5 40 3 0 1 51 36 3 
13 60 15 4 5 1 1 9 11 72 114 30 2 1 9 25 2 29 114 17 2 12 11 0 2 33 56 11 2 35 10 2 86 45 8 1 0 0 9 27 113 114 78 17 4 4 8 47 2 10 97 102 40 26 12 2 4 0 21 87 32 46 13 8 114 29 7 9 16 2 2 23 107 38 15 10 48 41 114 109 7 2 8 28 33 72 114 74 2 0 10 65 60 49 4 7 109 10 3 19 15 1 5 37 37 6 6 59 94 20 37 50 38 33 12 11 3 1 30 72 9 1 2 23 26 10 6 19 
17 10 6 47 11 6 1 20 49 86 36 33 5 6 2 0 9 62 53 29 10 19 4 0 6 9 9 7 7 30 12 10 110 12 8 32 6 1 2 80 102 101 35 36 6 2 1 15 8 22 26 97 110 68 5 2 18 30 11 4 42 56 39 23 110 9 6 5 9 10 10 71 84 10 8 7 21 42 108 108 21 17 44 36 104 107 110 43 4 78 79 19 38 72 57 2 18 3 2 2 4 9 19 67 5 2 0 0 12 39 74 53 6 9 5 1 6 54 110 22 2 29 5 0 0 55 82 4 
8 0 0 0 1 5 29 86 16 18 68 26 55 41 12 20 10 79 131 13 12 12 9 5 5 29 74 72 4 5 0 4 80 53 5 1 0 1 10 39 131 131 83 5 0 0 1 17 20 65 131 5 0 1 1 2 0 11 92 119 20 7 0 0 90 17 11 26 3 0 0 35 131 22 0 0 0 0 30 131 22 6 7 1 0 24 131 48 0 0 2 9 28 41 52 15 14 5 13 11 2 0 0 16 34 14 19 2 0 0 27 130 23 4 0 0 0 11 69 71 0 0 1 1 0 3 28 43 
74 71 4 5 0 4 5 29 93 120 19 7 0 0 0 11 2 10 28 41 52 15 0 0 1 1 0 3 28 43 0 0 131 13 13 12 9 5 10 78 131 6 0 1 1 2 20 64 7 1 0 24 131 49 22 6 0 0 0 11 69 71 23 4 67 25 55 41 12 21 16 18 83 5 0 0 1 18 131 131 0 0 0 0 30 131 131 22 19 2 0 0 27 130 34 14 0 0 1 5 29 87 8 0 5 1 0 1 9 38 79 54 10 26 3 0 0 35 90 17 13 11 2 0 0 16 14 6 
22 45 12 24 7 8 6 10 28 124 109 19 0 1 7 16 0 0 124 40 2 4 15 3 4 1 74 27 8 3 5 2 124 29 16 65 48 9 5 32 124 68 39 28 22 1 0 33 4 3 45 46 90 58 0 1 6 5 20 37 39 34 0 0 59 12 10 66 32 44 16 18 124 10 3 8 29 28 75 124 8 2 0 3 124 100 61 40 12 5 5 17 16 28 54 18 0 0 0 2 57 64 12 3 13 1 0 0 8 27 81 124 21 3 0 0 2 50 104 57 13 7 2 0 0 7 26 21 
77 35 2 5 1 0 0 1 102 44 34 116 19 0 0 0 3 72 80 79 10 0 0 0 2 49 90 9 0 0 0 0 102 116 6 5 1 0 0 4 116 90 44 99 3 0 0 30 4 86 116 116 4 0 1 5 0 55 83 56 9 0 2 3 116 19 0 6 2 0 2 48 94 17 2 4 0 2 34 116 11 6 15 18 16 45 30 82 0 4 2 15 26 14 48 27 46 7 3 9 0 0 5 26 25 0 0 0 0 10 43 105 16 0 0 0 10 38 25 115 0 0 0 0 6 19 41 23 
0 5 6 7 61 70 7 2 20 90 44 22 18 37 10 15 20 22 68 90 15 11 0 6 96 28 5 5 0 0 0 14 75 92 47 11 25 10 19 31 14 129 129 24 10 1 0 0 4 20 94 129 87 4 0 0 45 4 5 63 42 0 2 74 129 50 2 0 0 0 7 40 63 37 20 3 12 65 55 20 0 0 2 61 107 48 29 6 9 0 0 116 99 2 2 22 75 2 0 0 0 0 21 96 19 2 0 0 0 39 85 67 1 3 7 5 9 15 53 27 1 0 0 41 49 8 10 5 
86 4 0 2 24 1 0 14 77 18 20 34 0 0 0 8 0 4 55 52 9 5 8 3 0 1 16 68 48 11 1 0 120 3 0 34 51 1 0 16 127 55 14 6 0 0 1 28 7 48 110 30 21 15 12 3 0 1 24 62 127 76 0 0 48 0 0 7 63 57 8 65 103 12 0 0 0 19 90 127 7 6 0 0 18 107 127 21 1 2 2 26 126 127 35 2 8 14 0 1 34 26 3 17 15 28 8 10 12 38 52 73 30 73 18 3 5 50 105 13 12 35 9 46 9 5 11 3 
12 56 10 1 9 5 2 5 20 74 114 26 3 2 7 14 3 57 114 15 5 16 13 3 1 38 44 10 6 32 8 3 70 42 6 0 2 0 7 25 114 108 85 9 3 8 18 36 2 26 114 89 39 30 21 5 3 1 19 87 32 43 9 8 114 29 4 8 10 1 6 26 114 62 23 9 34 34 80 91 7 5 14 36 46 81 104 63 1 0 11 68 65 44 7 6 114 6 1 20 12 0 1 34 63 3 2 57 105 26 44 55 39 18 7 14 6 8 50 82 10 2 3 23 22 5 4 27 
27 7 14 34 9 5 3 27 29 94 32 35 5 8 2 0 11 59 73 31 7 14 0 0 5 18 12 4 5 36 10 4 111 13 8 25 9 2 6 82 108 96 36 36 13 1 6 32 13 34 41 90 111 67 5 5 8 21 16 8 58 76 34 17 111 20 2 5 10 8 17 74 83 9 2 13 24 42 111 111 24 10 28 32 73 95 111 60 3 62 93 18 44 63 72 2 10 2 8 4 4 5 18 55 8 1 2 0 6 32 66 47 5 7 4 1 8 39 111 22 2 26 6 0 0 42 97 1 
3 22 8 7 11 2 4 8 3 33 108 34 11 1 6 7 25 65 108 7 3 4 3 21 3 23 52 20 10 6 4 4 51 68 11 5 9 2 5 28 94 99 112 40 0 0 0 56 1 52 112 104 34 40 3 0 5 9 25 55 29 36 22 15 112 21 1 12 10 3 10 44 112 75 19 10 23 20 61 93 5 5 29 99 38 76 88 59 5 0 13 81 85 19 3 10 80 4 8 25 5 0 0 33 83 6 6 46 85 14 53 82 42 27 11 25 20 14 61 85 9 3 2 30 44 8 5 17 
36 11 16 10 10 7 4 24 36 58 48 16 13 12 7 3 21 92 69 16 10 23 2 0 4 13 13 3 9 31 24 16 73 6 14 16 4 17 20 115 115 89 60 29 2 0 2 68 47 50 35 104 115 53 8 8 14 61 34 26 86 54 27 19 88 16 3 2 8 15 8 59 115 26 3 0 10 42 71 115 21 6 15 12 47 115 115 50 6 44 43 10 25 115 94 9 11 17 6 3 5 8 2 8 23 6 10 0 8 33 57 87 3 7 9 5 18 71 58 11 4 32 5 1 1 40 31 3 
45 28 25 57 10 11 1 6 109 17 15 15 11 29 90 109 5 0 0 3 54 109 109 37 8 3 0 0 6 46 35 25 79 23 5 26 83 60 3 4 2 1 2 6 84 109 94 62 20 12 1 0 0 42 109 87 34 13 7 0 0 9 24 67 79 7 0 55 109 12 9 29 5 6 36 103 109 20 4 6 83 88 22 9 0 1 6 30 25 54 33 22 8 2 0 9 24 0 1 7 17 20 75 50 7 5 63 75 18 6 11 36 62 81 46 37 2 2 3 15 20 34 17 14 49 18 5 10 
78 35 1 7 1 0 0 1 108 42 31 116 25 0 0 0 3 77 83 69 12 0 0 0 1 44 90 8 0 0 0 0 107 108 4 5 1 0 0 5 116 94 37 106 3 0 0 30 4 90 116 115 4 0 1 4 1 46 83 57 11 0 2 2 116 17 0 7 4 0 2 45 112 17 2 7 1 2 24 116 13 7 16 18 17 40 29 71 0 3 2 19 37 11 39 24 51 8 2 12 1 0 5 25 34 0 0 0 0 6 41 112 18 0 0 0 11 39 25 101 0 0 0 0 8 15 37 27 
2 0 1 18 71 77 16 5 0 0 0 10 27 34 89 55 36 13 4 7 2 8 73 81 38 32 31 24 9 0 0 23 2 0 3 12 57 99 19 5 0 2 22 30 46 70 23 12 111 30 7 1 0 7 43 96 115 8 0 10 21 6 2 95 3 18 28 16 20 35 14 1 0 27 115 59 34 13 0 0 81 115 86 23 1 0 2 3 95 89 1 5 19 5 10 28 10 62 33 25 8 1 0 0 32 115 115 24 3 2 0 2 9 35 115 115 91 10 12 4 13 11 0 12 29 15 46 71 
33 22 8 0 1 21 39 33 1 10 21 5 2 90 115 9 2 3 21 5 8 27 95 90 1 8 27 12 43 74 15 12 4 8 2 7 76 80 34 11 8 1 0 6 43 94 110 30 81 23 1 0 1 3 79 115 115 111 100 9 15 7 9 35 0 10 32 37 82 56 1 0 22 30 46 72 22 11 0 1 115 62 32 13 0 0 0 25 115 30 3 2 0 2 27 115 1 14 65 83 16 6 2 0 4 10 50 101 20 6 2 0 29 17 19 31 14 1 2 20 36 25 6 1 0 0 11 69 
31 15 47 69 14 11 0 13 88 10 12 4 8 35 114 114 3 2 0 2 34 114 114 22 8 1 0 0 10 59 34 25 19 5 11 28 94 89 1 5 1 0 2 3 81 114 88 23 34 14 0 0 0 28 114 58 20 36 14 1 4 17 28 15 21 6 2 97 114 8 0 10 0 7 43 96 111 30 7 1 47 69 24 12 0 2 23 29 60 98 19 5 2 0 3 12 9 0 0 24 38 31 31 24 2 8 72 81 37 13 4 7 26 32 92 54 0 0 0 9 72 76 15 5 2 0 1 19 
0 4 3 6 61 70 6 3 20 70 34 23 25 37 11 16 32 18 46 67 23 12 0 8 100 32 5 2 2 0 0 11 61 89 53 11 27 12 17 32 10 132 132 43 11 1 0 0 10 21 84 132 80 1 0 2 73 12 4 34 32 0 4 74 132 63 4 0 0 0 4 28 59 46 27 7 19 51 36 11 0 0 3 90 132 35 13 2 21 0 0 81 88 1 3 51 101 3 0 0 0 1 21 95 17 0 1 0 0 49 86 54 1 0 2 13 26 17 47 29 5 0 0 59 67 3 3 5 
74 1 0 6 35 2 0 17 100 16 18 25 1 0 0 17 1 14 74 51 6 1 3 1 0 3 25 84 63 1 0 0 86 5 2 50 63 1 0 16 131 44 6 2 0 0 2 42 18 56 68 14 24 24 20 6 0 2 18 28 131 98 1 0 26 1 0 12 90 64 7 37 102 6 0 0 2 25 66 131 13 4 0 0 10 131 131 32 7 3 6 36 110 128 50 3 4 4 0 5 62 33 3 6 21 33 4 9 12 27 29 73 27 70 15 7 10 60 70 13 26 45 15 29 2 1 10 4 
12 38 14 7 11 4 2 5 11 37 113 55 11 0 1 6 23 36 113 22 3 3 1 13 6 22 38 33 5 7 2 5 100 61 7 6 4 1 8 20 111 108 113 51 2 1 0 19 0 14 113 113 50 39 7 1 5 9 21 47 29 31 23 21 113 39 5 14 14 5 2 20 106 53 20 16 30 39 113 111 7 0 10 97 83 61 66 51 6 5 6 55 65 30 3 9 88 19 5 16 20 2 11 37 38 20 15 56 67 15 52 65 38 32 6 17 26 9 19 68 0 0 3 25 47 21 1 4 
22 15 17 6 21 6 11 14 26 48 46 8 12 11 7 4 19 80 72 7 5 17 2 0 3 16 23 8 3 17 14 10 71 9 21 18 6 11 15 103 104 109 60 28 5 2 0 29 27 53 49 89 109 54 4 2 26 47 19 10 57 55 45 22 108 10 4 1 4 16 9 87 109 23 17 4 2 34 57 109 21 16 21 38 79 109 109 56 6 75 41 16 44 109 63 5 23 17 7 1 5 4 5 18 31 5 4 0 5 39 88 75 3 7 4 4 11 80 100 15 8 36 3 0 0 60 44 3 
9 25 14 26 39 0 0 0 34 129 129 31 4 0 0 0 41 39 81 86 19 0 0 0 3 0 3 45 34 0 0 1 68 20 2 5 44 10 0 13 129 84 36 32 0 0 7 68 4 5 36 129 87 16 16 4 0 0 0 52 127 9 0 1 39 3 2 0 26 16 3 24 104 2 3 1 1 9 117 129 1 0 0 13 46 120 129 19 0 0 0 9 85 97 25 0 52 13 4 6 1 3 5 16 15 10 8 35 58 20 33 10 0 0 0 1 19 35 93 28 0 0 1 3 5 13 15 9 
10 24 16 1 0 0 0 2 2 16 107 29 1 0 0 0 69 28 53 13 1 4 2 13 17 0 1 3 48 28 5 10 99 79 22 0 0 0 0 5 66 75 127 30 2 0 0 13 3 4 123 127 118 2 2 2 7 12 5 11 53 12 4 2 127 9 0 1 0 0 1 32 96 8 12 5 9 9 29 127 2 0 6 39 127 93 21 22 32 29 0 6 56 11 1 1 44 0 0 0 4 6 6 34 9 0 0 0 25 62 116 86 14 0 0 0 28 119 127 38 54 7 0 0 5 9 4 9 
51 1 3 13 36 14 14 59 56 14 53 109 0 0 0 36 59 117 36 22 0 0 0 0 20 19 6 79 38 0 0 0 99 13 14 70 27 2 1 49 125 19 23 71 1 0 0 65 91 36 18 72 2 0 0 18 28 8 1 35 65 12 0 7 68 15 19 60 7 0 5 81 125 23 10 24 0 0 28 78 37 2 5 67 7 18 68 40 9 1 0 3 52 81 43 20 4 0 0 35 25 3 26 50 9 0 0 3 4 5 125 122 0 0 0 0 1 44 125 24 0 0 0 0 5 69 125 2 
8 2 10 7 0 0 0 4 58 6 5 0 0 0 0 27 126 20 2 0 0 0 0 27 16 37 4 0 0 0 0 0 3 16 75 101 0 0 0 0 45 5 48 66 0 0 0 25 126 29 11 3 0 0 0 79 34 81 28 0 0 0 0 7 17 49 48 37 0 0 0 1 7 46 126 126 0 0 0 2 126 18 105 126 0 0 0 88 125 45 30 1 0 0 0 32 18 70 17 0 0 0 0 0 9 110 56 22 0 0 0 0 34 57 126 126 0 0 0 2 57 63 58 9 0 0 0 2 
1 0 0 0 0 0 36 32 3 0 0 0 0 78 34 63 87 11 0 0 0 130 116 68 66 5 0 0 0 0 20 82 0 0 0 0 0 43 62 34 9 0 0 0 0 135 90 31 135 48 0 0 0 118 31 67 75 9 0 0 0 0 52 91 0 0 0 0 0 135 54 3 36 2 0 0 0 119 31 4 135 20 0 0 0 7 9 58 15 0 0 0 0 1 47 119 1 0 0 0 0 35 8 3 40 5 0 0 0 19 6 8 125 19 0 0 0 1 20 36 1 0 0 0 0 20 41 21 
4 1 0 0 0 0 0 3 28 1 0 0 0 0 0 15 135 32 0 0 0 0 0 23 39 79 2 0 0 0 0 0 2 3 18 2 0 0 0 1 21 13 5 0 0 0 0 3 135 21 0 0 0 0 0 111 121 42 0 0 0 0 0 53 0 57 135 3 0 0 0 0 1 28 135 91 0 0 0 0 135 118 135 15 0 0 0 41 135 51 14 0 0 0 0 38 0 32 102 1 0 0 1 0 0 10 135 58 0 0 1 0 9 63 127 29 0 0 0 1 39 34 13 0 0 0 0 13 
2 0 0 0 0 0 39 79 0 0 0 0 0 53 121 42 14 0 0 0 0 38 135 51 13 0 0 0 0 12 39 34 0 0 0 0 0 23 135 32 0 0 0 0 0 110 135 21 135 15 0 0 0 41 135 118 127 29 0 0 0 1 9 63 0 0 0 0 0 15 28 1 5 0 0 0 0 3 21 13 135 91 0 0 0 0 1 27 135 58 0 0 1 0 0 10 0 0 0 0 0 3 4 1 18 2 0 0 0 1 2 3 135 3 0 0 0 0 0 57 101 1 0 0 1 0 0 32 
59 12 0 0 0 0 2 24 52 0 0 0 0 17 23 66 123 6 0 0 0 29 74 94 98 2 0 0 0 0 1 55 45 16 0 0 0 15 46 15 26 2 0 0 0 124 121 27 143 79 0 0 0 69 54 57 134 5 0 0 0 0 9 84 5 1 0 0 1 60 44 6 77 14 0 0 0 69 45 3 143 56 0 0 0 5 7 77 40 0 0 0 0 0 20 134 1 0 0 0 1 35 5 3 84 19 0 0 0 11 8 5 143 23 0 0 0 0 1 58 14 0 0 0 0 0 20 55 
71 25 0 0 0 0 2 11 55 7 0 0 0 12 45 50 157 14 0 0 0 18 75 86 131 3 0 0 0 2 2 37 66 8 0 0 0 10 10 21 31 3 0 0 0 58 93 23 157 83 0 0 0 14 39 42 136 4 0 0 0 2 6 75 20 14 0 0 1 47 6 3 78 17 0 0 0 33 17 13 157 43 0 0 0 0 2 67 82 0 0 0 0 2 2 123 2 0 0 0 0 27 6 4 94 17 0 0 0 2 6 9 157 19 0 0 0 0 5 58 37 0 0 0 0 0 9 89 
5 5 7 4 0 0 0 6 62 5 1 0 0 0 0 26 127 24 5 0 0 0 0 21 16 49 8 0 0 0 0 0 2 5 83 91 0 0 0 0 46 4 62 55 0 0 0 24 127 20 11 4 0 0 0 119 54 53 25 0 0 0 0 17 6 49 57 34 0 0 0 0 4 60 127 127 0 0 0 1 127 29 117 127 0 0 0 72 127 54 24 0 0 0 0 26 4 78 16 0 0 0 0 0 10 109 36 22 0 0 0 0 25 60 127 88 0 0 0 0 45 60 47 3 0 0 0 0 
1 0 0 0 0 0 21 35 1 0 0 0 0 77 51 42 66 2 0 0 0 86 140 71 52 1 0 0 0 0 23 70 2 0 0 0 0 64 73 50 11 0 0 0 0 140 97 18 140 64 0 0 0 99 51 65 78 11 0 0 0 0 41 76 0 0 0 0 0 124 82 2 48 1 0 0 0 118 31 5 140 21 0 0 0 4 12 78 12 0 0 0 0 0 58 117 1 0 0 0 2 25 7 2 46 2 0 0 1 12 4 8 140 9 0 0 0 1 8 16 3 0 0 0 0 0 21 34 
36 34 22 0 0 11 27 25 0 12 61 14 2 58 96 11 4 7 75 26 13 27 36 63 1 2 26 32 34 66 15 5 9 6 2 4 52 83 63 22 3 0 0 0 20 85 124 56 51 13 4 4 14 20 85 124 37 80 124 25 41 44 12 17 0 3 11 19 91 71 0 0 26 26 16 36 29 14 3 9 124 72 16 3 0 0 5 46 124 86 67 2 0 2 13 42 0 6 60 90 17 3 0 0 15 19 44 93 6 0 0 2 80 16 21 18 3 0 0 47 64 5 2 0 0 2 35 124 
22 15 43 54 12 10 3 15 118 16 24 7 6 15 76 118 12 0 0 5 27 118 118 31 4 1 0 2 25 104 32 8 62 16 40 39 43 44 1 6 6 4 21 12 115 118 72 17 17 4 0 0 7 58 118 42 27 27 4 0 1 30 44 13 81 5 8 62 58 17 1 16 0 1 17 117 118 41 1 0 13 35 38 19 7 14 23 15 77 73 4 1 0 0 11 24 41 0 0 17 14 12 17 50 0 6 28 104 74 26 17 4 1 14 118 49 2 0 0 3 53 49 35 9 0 0 0 12 
3 1 0 0 0 0 0 2 46 1 1 0 0 0 0 14 139 42 3 0 0 0 0 11 22 72 13 0 0 0 0 0 3 4 17 3 0 0 0 0 34 14 6 0 0 0 0 7 139 22 3 0 0 0 0 124 88 42 9 0 0 0 0 43 0 14 139 77 0 0 0 0 2 41 139 69 0 0 0 0 139 109 139 0 0 0 0 52 138 51 11 0 0 0 0 36 0 5 80 25 0 1 2 0 0 18 139 64 0 0 1 0 15 62 130 7 0 0 0 3 32 35 12 0 0 0 0 10 
7 0 0 0 0 0 17 74 3 0 0 0 0 64 75 29 15 0 0 0 0 39 135 56 11 0 0 0 0 17 26 28 3 0 0 0 0 28 135 43 2 0 0 0 0 135 135 17 135 0 0 0 0 61 135 127 119 7 0 0 0 2 9 70 0 0 0 0 0 25 64 0 4 0 0 0 0 14 41 12 135 41 0 0 0 0 2 53 135 51 0 0 0 0 0 22 0 0 0 0 0 4 3 1 8 1 0 0 0 0 5 5 135 38 0 0 0 0 0 21 113 20 0 0 2 0 0 15 
4 0 3 1 0 0 0 5 78 2 0 0 0 0 0 46 132 15 3 0 0 0 0 73 15 20 9 0 0 0 0 3 0 2 105 36 0 0 0 0 43 12 50 27 0 0 0 30 132 8 1 0 0 0 0 113 81 38 8 0 0 0 0 14 1 83 124 40 0 0 0 0 5 32 132 132 0 0 0 1 132 132 113 47 0 0 0 20 112 82 15 0 0 0 0 2 10 70 7 0 0 0 0 0 11 43 60 42 0 0 0 0 10 87 130 26 0 0 0 0 17 58 10 0 0 0 0 0 
0 0 0 0 0 2 9 20 2 0 0 0 0 31 71 54 5 0 0 0 0 20 129 83 16 0 0 0 0 0 17 58 1 0 0 0 0 124 80 17 1 0 0 0 0 129 129 7 129 31 0 0 0 49 126 129 108 12 0 0 0 0 17 68 0 0 0 0 0 129 74 1 28 2 0 0 0 88 35 13 129 88 0 0 0 3 8 46 59 14 0 0 0 0 30 63 0 0 0 0 0 29 11 0 45 1 0 0 0 6 2 8 129 6 0 0 0 0 4 62 5 0 0 0 0 0 30 72 
2 2 1 0 0 0 0 1 40 4 1 0 0 0 0 8 134 34 3 0 0 0 0 25 39 49 24 0 0 0 0 3 2 8 8 1 0 0 0 0 19 16 7 0 0 0 0 4 134 9 2 0 0 0 0 134 115 12 2 0 0 0 0 84 0 7 134 76 0 0 0 0 1 67 134 33 0 0 0 0 134 113 134 1 0 0 0 20 134 74 15 0 0 0 0 24 0 2 97 44 0 0 3 0 0 37 134 55 0 0 1 0 13 62 126 4 0 0 0 5 27 34 15 0 0 0 0 10 
17 0 0 0 0 5 30 46 0 0 0 0 1 97 101 8 17 0 0 0 0 24 132 76 14 0 0 0 0 15 19 32 5 0 0 0 0 48 132 29 2 0 0 0 0 132 132 7 132 0 0 0 0 23 122 128 111 4 0 0 0 5 8 74 1 0 0 0 0 14 55 2 5 0 0 0 0 8 22 15 132 24 0 0 0 0 1 81 132 51 0 0 1 0 0 44 1 0 0 0 0 2 1 2 5 0 0 0 0 0 3 7 132 43 0 0 0 0 0 11 126 37 0 1 1 0 0 8 
2 26 19 16 17 4 3 0 2 53 111 43 42 5 2 0 5 45 119 50 36 0 0 0 0 46 19 16 23 0 0 0 62 15 4 8 43 44 8 8 119 119 91 11 11 14 6 13 18 38 78 57 119 87 2 2 33 89 25 11 43 11 0 1 88 8 0 0 22 45 21 47 119 7 0 0 11 58 41 52 17 17 8 36 119 112 33 8 44 28 10 12 27 23 12 15 53 2 0 0 8 12 6 43 57 1 0 0 7 81 107 51 2 0 1 6 9 62 119 22 28 1 8 4 2 13 35 72 
3 52 55 34 2 0 0 0 23 121 110 16 0 0 1 3 10 47 22 121 44 0 0 0 31 37 15 32 4 0 0 0 18 38 43 44 29 9 16 19 121 93 30 17 9 5 17 51 17 39 15 121 121 0 0 0 73 27 9 42 54 1 0 10 32 10 0 23 57 29 4 17 121 15 1 14 33 34 28 101 34 8 2 44 110 121 67 28 23 18 1 26 39 28 17 25 6 0 0 0 23 74 9 12 31 0 0 0 12 58 60 89 12 1 0 1 5 121 89 33 21 2 0 0 4 23 14 47 
7 8 13 26 22 9 6 2 1 39 118 32 16 0 0 0 5 19 118 54 21 0 0 0 0 9 10 20 28 3 0 0 118 32 10 2 6 15 6 12 115 87 118 17 10 12 3 19 4 8 86 76 118 82 2 2 24 59 48 16 64 9 0 1 118 11 0 0 1 2 3 58 109 4 0 0 11 72 52 40 6 5 7 36 118 118 20 3 70 36 11 11 20 8 0 6 80 1 0 0 0 8 9 63 24 0 0 0 2 68 118 41 0 1 5 25 9 29 118 27 5 11 4 5 6 12 46 29 
10 20 27 3 0 0 0 10 47 16 63 8 0 1 25 59 11 11 20 8 0 7 70 35 4 5 6 12 47 29 5 10 118 55 22 0 0 0 5 19 86 76 118 81 2 2 4 8 7 36 118 118 20 4 6 5 5 24 9 29 118 27 0 1 118 32 16 0 0 0 1 40 118 17 10 11 3 20 114 88 0 0 11 72 51 41 109 4 0 0 2 68 118 41 24 0 13 27 22 9 6 2 6 8 10 2 6 15 6 13 118 32 0 0 1 2 3 59 118 11 0 0 0 7 9 65 79 1 
3 79 76 2 0 0 3 3 13 101 117 2 0 0 3 4 7 49 32 117 30 0 0 0 2 5 20 85 16 0 0 0 14 21 18 15 34 18 25 25 117 73 22 4 1 2 17 44 18 45 28 117 88 1 0 1 12 8 3 81 99 3 0 2 23 1 0 35 56 41 8 12 117 15 1 5 8 18 39 107 25 6 3 31 58 117 115 23 4 8 3 30 59 67 33 20 4 0 0 0 17 70 11 8 29 0 0 0 3 27 72 93 1 0 0 1 5 117 117 12 13 0 0 0 0 18 28 47 
57 0 0 8 26 11 10 39 41 68 88 66 19 0 0 15 0 46 125 46 0 0 0 0 0 1 110 125 0 0 0 0 125 13 0 0 43 35 6 41 125 71 21 1 0 0 0 43 29 45 80 14 6 9 3 3 6 6 58 83 23 15 3 7 79 125 8 9 30 6 0 1 125 57 2 3 1 3 15 79 30 1 0 0 3 75 109 35 18 0 0 0 14 45 50 34 39 93 8 7 11 0 0 0 9 15 4 12 59 28 28 24 1 0 0 0 17 83 125 27 8 0 0 0 0 2 58 73 
3 3 16 41 32 4 3 1 0 21 125 32 14 0 0 0 9 17 125 27 1 0 0 2 2 1 11 23 16 3 0 2 110 39 28 9 1 7 6 11 63 103 125 22 2 0 0 5 2 13 125 112 112 19 0 0 2 12 21 65 125 11 0 0 125 17 0 0 0 0 0 25 125 17 5 3 8 16 33 64 3 1 6 15 125 125 29 11 47 22 9 6 96 37 0 4 85 2 0 0 0 0 1 62 45 4 0 0 8 54 45 29 0 0 8 32 50 61 27 8 14 15 20 29 16 2 0 2 
9 26 19 2 0 1 1 1 21 61 122 7 0 0 7 19 8 9 102 27 0 8 43 15 27 33 16 1 1 2 8 9 124 30 3 0 0 3 8 26 124 102 124 15 0 0 2 20 6 15 124 124 30 13 3 1 8 24 47 60 33 9 0 0 124 20 9 0 0 0 0 35 124 15 2 0 0 6 58 117 6 3 7 12 30 75 124 14 0 0 8 39 42 36 58 2 20 49 32 2 2 1 1 3 40 13 2 7 5 15 96 36 0 0 0 0 0 35 124 13 0 0 0 0 0 72 72 1 
16 2 8 1 2 5 34 33 36 68 42 6 0 0 6 11 8 20 21 81 72 0 0 0 0 0 1 78 42 1 0 0 108 10 0 14 27 7 9 36 121 88 31 18 3 1 7 20 4 9 22 111 121 16 8 3 1 2 1 64 121 10 0 0 104 3 0 5 21 30 16 56 121 7 0 1 2 40 121 121 1 0 0 8 47 121 121 7 5 4 5 16 51 59 56 29 17 0 0 0 1 5 8 35 6 0 0 3 5 40 113 53 1 0 0 1 2 75 110 7 18 0 0 0 0 7 20 53 
46 7 1 0 2 3 3 16 27 23 93 50 39 6 0 9 0 14 125 44 8 0 0 0 2 17 33 21 34 10 0 0 116 9 0 0 0 6 32 42 125 65 60 23 0 1 4 17 0 0 125 73 35 31 3 0 2 0 12 69 125 33 0 1 115 1 0 0 0 0 8 45 125 3 1 2 0 18 107 125 0 0 4 3 11 125 125 3 0 0 0 2 42 125 38 0 11 0 0 0 0 0 1 20 7 0 0 0 0 19 93 70 1 1 0 0 0 82 78 0 3 0 0 0 0 13 11 1 
7 23 9 0 0 0 0 0 2 44 117 19 0 0 0 0 12 23 94 43 0 0 0 0 10 13 47 23 0 0 0 0 117 39 2 1 0 0 0 12 121 121 110 22 0 1 1 7 7 14 121 121 15 17 5 0 8 6 52 74 18 18 8 6 121 4 0 0 0 0 0 30 121 10 0 0 5 12 16 121 2 0 0 14 68 121 21 9 0 0 2 10 57 121 31 18 36 4 1 3 0 0 1 15 40 0 1 0 0 6 98 104 0 0 0 2 47 76 104 31 0 0 0 6 54 35 3 2 
35 6 2 4 10 2 1 15 11 9 104 62 49 1 0 4 0 26 119 28 8 0 0 0 5 19 15 13 23 10 6 1 119 20 2 0 0 8 23 39 115 55 111 39 0 1 0 10 0 1 119 87 56 25 0 0 6 0 7 65 119 17 0 2 119 2 0 0 0 0 10 71 110 5 4 3 0 33 112 113 0 0 7 5 24 119 95 0 1 0 0 6 50 109 29 1 16 0 0 0 0 0 5 37 6 0 0 0 0 35 119 64 0 1 0 0 0 95 69 0 5 1 0 0 0 12 12 1 
16 35 9 0 0 0 0 1 9 74 120 25 0 0 0 0 14 26 120 76 0 0 0 0 12 15 43 24 0 0 0 0 120 32 1 1 0 0 0 18 120 120 65 13 2 2 3 15 4 8 105 120 31 45 7 0 3 3 41 61 28 37 26 9 120 5 0 0 0 0 0 33 120 3 0 0 6 17 38 120 0 0 0 0 90 120 34 10 0 0 0 0 61 120 40 11 27 4 2 5 0 0 1 15 21 1 3 2 0 5 106 80 2 0 3 6 40 53 102 31 1 0 0 15 45 18 1 1 
14 19 29 15 6 3 0 3 18 105 56 33 30 4 0 3 5 102 92 58 91 6 0 0 14 70 9 15 33 2 0 0 71 14 2 14 55 26 4 5 128 75 10 2 27 23 8 17 65 41 13 18 128 88 3 6 57 28 3 8 60 30 0 5 52 6 1 1 46 73 12 26 128 12 0 0 19 43 18 43 26 17 4 34 113 103 27 10 32 23 19 21 36 21 13 29 22 0 0 0 21 45 7 25 105 0 0 0 6 62 45 76 2 0 0 3 10 127 125 14 44 0 2 2 8 25 19 76 
7 58 34 50 7 0 0 0 34 129 76 29 10 0 0 2 26 32 21 129 58 0 0 0 33 37 15 20 2 0 0 0 21 39 39 62 24 10 15 25 116 79 28 22 24 7 7 51 38 23 15 127 129 0 0 3 83 22 10 31 56 3 1 17 54 12 1 21 51 10 8 28 129 19 5 25 48 18 7 62 42 8 9 77 129 72 11 7 42 6 5 23 44 11 13 22 32 5 0 4 27 34 1 18 93 0 0 4 23 87 35 97 18 0 0 0 21 129 53 46 9 1 0 1 16 28 20 22 
52 71 35 0 0 0 0 1 113 56 30 102 0 0 0 3 1 41 91 112 0 0 0 0 47 63 15 1 0 0 1 10 23 90 31 0 0 0 49 38 116 63 33 32 3 1 29 89 17 10 74 111 59 42 0 5 64 11 10 7 29 41 15 24 18 43 2 0 0 0 72 44 116 28 2 1 4 27 79 116 21 0 1 7 50 116 101 40 105 6 0 0 18 73 26 31 20 60 3 0 0 17 3 0 7 17 1 0 1 98 51 12 6 1 0 0 0 55 81 13 25 0 0 0 1 5 15 46 
12 32 18 1 1 0 0 0 16 51 112 35 1 0 0 0 15 21 99 81 3 0 0 0 51 14 5 5 5 11 5 10 88 27 1 1 3 0 0 2 120 82 68 29 0 0 0 37 9 7 99 120 109 3 0 5 5 1 4 31 87 22 7 8 95 10 0 1 9 7 7 18 120 6 0 0 0 16 32 120 20 0 0 12 120 120 45 72 6 19 0 5 101 35 1 0 64 0 0 0 7 18 9 22 14 0 0 2 24 82 78 72 18 1 0 0 10 74 120 72 36 20 0 0 5 15 5 5 
3 2 2 0 1 0 0 0 16 4 2 3 0 0 0 4 131 7 0 0 0 0 0 66 115 17 0 0 0 0 0 39 3 8 5 0 0 0 0 0 7 10 7 6 0 0 0 1 131 10 2 1 0 0 0 61 131 2 0 0 0 0 3 120 0 12 108 60 0 0 0 0 1 65 131 10 0 0 0 0 86 57 131 7 0 0 0 4 131 68 21 0 0 0 0 12 0 5 131 98 0 0 0 0 0 98 131 35 1 0 0 0 5 51 131 7 0 0 0 3 33 65 52 0 0 0 0 0 
0 0 0 0 2 59 70 10 0 0 0 0 4 128 128 3 37 0 0 0 0 26 128 69 51 0 0 0 0 1 24 57 0 0 0 0 0 127 128 3 2 0 0 0 0 96 128 8 128 1 0 0 0 9 66 74 128 1 0 0 0 3 5 80 1 2 0 0 0 12 25 2 8 6 0 0 0 2 11 7 110 3 0 0 0 0 2 79 128 30 0 0 0 0 1 121 2 0 0 0 0 1 3 2 3 0 0 0 0 0 6 7 85 25 0 0 0 0 1 12 128 75 0 0 0 0 0 5 
18 15 0 4 13 18 5 2 89 54 2 0 0 0 1 3 78 15 6 6 7 3 10 7 2 3 6 5 29 8 13 6 80 32 1 6 17 22 31 25 107 122 98 15 6 1 0 12 38 44 48 24 15 21 7 2 3 5 13 3 62 83 6 1 116 8 1 2 3 12 50 122 122 42 22 12 15 52 122 122 1 2 8 14 25 122 122 6 17 1 0 0 15 122 68 8 33 14 11 9 2 0 0 25 33 5 0 0 2 13 120 77 1 0 0 0 5 36 122 43 30 13 0 0 6 23 19 8 
5 12 31 23 6 4 0 0 20 109 121 19 4 4 3 2 67 42 95 40 0 4 7 16 7 1 11 14 0 7 19 35 110 81 14 2 0 0 2 8 121 121 121 39 17 16 16 55 0 12 107 121 121 25 8 4 2 2 36 75 11 0 0 2 96 55 4 4 0 0 4 46 121 10 1 5 8 16 21 121 4 0 37 49 62 31 14 11 2 2 85 63 3 1 4 3 27 8 32 26 0 0 2 18 75 5 10 4 0 0 12 120 3 1 3 8 22 9 30 63 19 15 6 6 2 2 9 8 
62 0 1 17 20 12 2 37 18 67 121 52 21 0 0 5 0 29 121 71 0 0 0 0 0 2 94 113 0 0 0 0 121 9 1 1 32 28 0 53 121 90 41 3 0 0 0 22 12 37 98 34 10 8 2 1 7 4 79 114 17 7 1 8 116 121 5 5 17 6 0 6 121 27 2 1 0 7 21 72 15 1 2 0 9 79 89 15 29 1 2 3 15 31 29 37 28 89 6 7 17 1 0 0 10 7 2 7 38 41 51 32 1 0 0 0 6 65 121 33 17 0 0 0 0 3 35 73 
121 38 0 0 0 0 1 5 45 23 30 12 6 39 9 3 0 0 14 57 67 44 2 0 0 1 6 26 72 33 0 0 121 46 0 0 0 0 0 45 55 21 20 15 5 2 15 36 1 1 12 121 58 36 12 0 0 6 35 119 62 15 0 0 121 15 0 0 0 0 4 121 40 3 0 0 0 45 115 105 1 0 0 1 10 121 121 11 3 27 17 8 18 31 62 38 25 79 6 0 0 23 9 21 13 12 23 2 3 121 71 16 0 6 47 3 0 81 121 18 1 17 10 0 0 0 76 58 
35 14 15 32 11 10 1 4 22 46 48 27 7 8 10 28 1 17 83 73 25 6 2 7 13 22 5 12 5 2 3 14 68 81 35 37 26 15 0 0 75 132 132 19 5 17 17 51 31 56 132 132 62 15 10 39 15 21 27 132 54 12 1 17 82 33 9 7 26 54 15 7 132 58 48 7 4 33 21 70 51 12 12 27 50 132 61 38 8 16 26 88 53 61 7 4 35 22 23 4 5 7 2 5 40 12 15 1 10 34 45 63 4 3 2 24 37 64 44 20 28 12 10 8 6 10 16 32 
6 15 9 4 7 11 6 5 17 122 93 6 4 13 22 18 22 111 91 54 7 1 3 6 21 43 13 7 5 10 22 23 61 59 19 13 5 10 10 11 122 122 84 14 8 12 53 37 11 42 62 122 94 17 61 14 3 13 25 53 49 24 14 7 62 44 14 8 3 13 25 31 122 23 17 15 24 20 87 122 48 11 10 21 52 34 122 64 2 7 21 31 53 62 20 2 21 21 12 4 0 0 25 83 27 12 24 45 16 3 31 92 25 9 8 18 17 10 76 51 17 4 8 18 15 12 17 21 
46 29 11 0 1 1 7 24 36 31 64 14 12 10 15 27 28 33 71 34 15 5 1 4 4 8 22 32 25 7 0 0 123 33 4 4 15 24 14 37 123 113 120 19 43 39 8 48 22 12 95 62 55 86 32 21 3 3 21 28 37 78 20 16 97 18 8 4 5 5 8 68 89 10 7 13 56 43 123 123 28 25 18 23 63 123 104 52 8 25 34 17 11 84 18 12 28 12 4 2 6 4 1 15 22 7 6 5 30 29 49 38 60 25 3 0 0 55 75 38 3 13 9 8 1 41 88 5 
41 24 21 68 14 1 1 10 119 12 18 20 5 5 49 119 20 0 0 10 77 96 105 35 5 0 0 1 27 66 25 15 119 13 16 36 36 33 6 6 17 4 12 20 94 119 102 48 18 7 0 0 8 84 119 63 17 5 2 0 4 38 38 45 119 9 9 36 75 18 2 14 0 0 1 40 119 61 8 4 33 21 3 1 5 10 45 55 37 44 16 1 2 10 15 17 77 1 0 24 37 3 1 35 0 0 17 119 119 8 2 1 25 30 31 36 3 1 2 12 54 44 2 1 1 0 0 10 
15 9 21 34 15 3 5 3 0 13 122 47 10 0 0 0 5 5 122 43 2 0 0 1 4 2 14 28 14 3 1 1 122 36 17 2 0 1 2 11 99 68 122 31 2 0 1 12 3 3 122 122 111 32 1 1 0 6 18 65 122 17 0 0 122 16 0 0 0 0 0 36 122 10 2 1 6 29 47 56 2 0 2 9 122 122 37 11 37 23 11 6 86 44 0 2 90 1 0 0 0 2 8 65 26 1 0 0 4 54 77 30 0 0 7 41 36 42 28 19 14 11 22 29 14 2 1 1 
8 35 22 0 0 0 0 1 16 58 118 7 0 1 15 19 9 30 92 16 0 10 31 8 30 35 13 3 9 4 2 5 119 50 6 0 0 2 5 28 119 113 119 21 1 2 1 15 2 14 119 119 42 12 2 1 9 15 21 54 56 16 0 0 119 11 1 0 0 0 1 50 119 10 2 0 1 19 64 106 1 1 6 16 37 86 119 4 0 0 6 43 37 65 49 0 36 55 12 1 1 0 1 9 39 10 0 2 3 25 95 46 0 0 0 0 0 60 119 5 0 0 0 0 1 110 44 0 
9 11 28 5 1 4 28 24 19 69 63 7 0 0 3 6 6 25 21 111 47 0 0 0 0 0 9 100 23 0 0 0 88 6 0 10 15 5 24 46 116 94 41 13 1 0 3 18 4 12 31 116 96 6 2 2 0 0 1 82 103 4 0 0 102 2 0 9 25 24 12 53 116 10 1 2 1 26 110 116 2 0 1 22 49 116 116 7 0 2 2 26 58 67 62 17 15 0 0 0 0 8 10 40 9 0 0 3 2 36 116 72 0 0 0 1 2 88 116 2 5 0 0 0 0 14 39 43 
3 1 2 5 0 0 0 0 31 9 1 0 0 0 0 6 141 1 0 0 0 0 0 89 73 1 0 0 0 0 6 52 4 4 21 9 0 0 0 1 23 15 12 1 0 0 0 3 141 6 1 0 0 0 0 57 141 20 0 0 0 0 0 30 2 71 141 53 0 0 0 0 2 11 141 64 0 0 0 0 141 86 141 12 0 0 0 12 141 62 9 0 0 0 0 11 5 71 42 12 0 0 0 0 2 9 141 38 0 0 0 0 6 43 141 9 0 0 0 0 27 48 24 0 0 0 0 0 
0 0 0 0 6 39 45 1 0 0 0 0 0 52 135 17 15 0 0 0 0 28 135 65 27 0 0 0 0 0 19 45 0 0 0 0 1 135 135 0 1 0 0 0 0 116 135 4 135 2 0 0 0 23 113 95 135 0 0 0 0 0 3 51 0 0 0 0 0 23 41 5 6 0 0 0 0 6 28 13 135 24 0 0 0 0 3 31 135 20 0 0 0 0 3 23 2 2 0 0 0 1 6 2 10 7 0 0 0 0 5 5 135 19 0 0 0 0 5 62 52 7 0 0 0 0 17 99 
27 18 15 6 3 0 0 0 113 58 30 82 1 0 0 0 14 48 47 104 1 0 0 2 24 70 57 11 0 0 0 0 27 94 38 2 0 0 6 20 113 113 38 37 0 0 15 50 32 35 111 113 23 7 0 9 80 37 32 12 16 20 1 35 21 18 0 0 1 6 43 58 113 35 1 2 0 0 66 113 66 3 6 33 70 113 74 73 100 0 0 2 42 84 11 41 32 36 2 0 0 3 2 3 34 46 0 0 0 59 36 13 9 0 0 0 0 81 112 23 26 0 0 0 4 19 16 61 
0 6 7 1 10 26 6 0 54 21 6 0 0 5 6 61 109 2 0 0 0 0 7 123 13 6 0 13 22 9 25 33 1 19 80 28 20 5 0 0 33 19 23 25 14 0 1 19 123 29 1 1 0 0 2 69 83 56 0 16 12 0 7 22 7 37 17 15 35 30 3 0 10 96 123 43 17 4 0 3 123 105 118 28 5 2 8 15 43 10 0 6 9 9 92 57 43 62 7 14 12 1 0 0 63 123 123 1 0 0 0 4 2 43 123 123 36 2 3 0 0 0 1 109 67 16 49 12 
0 3 7 7 13 58 48 0 4 7 14 2 11 30 70 66 0 1 13 2 30 54 52 44 0 12 33 16 70 74 3 0 1 0 0 0 0 99 127 13 1 1 0 0 0 28 127 60 83 25 3 1 10 15 127 127 102 127 122 15 20 7 4 8 20 2 0 7 8 8 24 21 26 40 27 2 1 8 22 15 127 81 9 3 0 1 11 71 127 40 2 0 0 1 23 81 22 10 16 26 3 0 0 2 59 42 29 15 2 0 2 16 44 6 27 31 3 0 3 58 33 2 5 0 0 1 62 124 
2 7 6 24 39 6 0 0 14 66 117 33 5 1 5 14 55 25 98 77 0 0 8 22 33 24 35 23 0 0 0 1 54 38 12 15 38 11 0 13 124 124 84 21 0 0 12 49 40 36 103 124 51 34 26 24 52 28 44 41 19 27 16 10 73 2 2 17 57 4 0 28 124 20 4 12 6 3 24 113 8 2 4 41 99 104 62 22 4 0 0 9 41 68 59 10 17 0 0 19 43 3 2 21 68 3 1 8 6 4 83 124 5 5 5 16 60 53 88 35 5 6 12 25 30 16 5 1 
2 3 57 33 9 3 4 3 12 47 63 39 9 2 0 1 22 66 63 52 17 5 2 4 1 0 9 70 52 11 12 3 58 17 8 6 6 43 58 49 96 106 105 66 23 14 8 19 39 47 32 64 64 66 23 10 3 14 4 48 117 85 9 0 90 4 1 4 11 64 32 76 117 14 0 15 22 53 117 117 1 4 2 15 105 117 91 2 11 59 5 0 26 86 3 0 5 1 5 17 23 13 1 17 17 14 2 1 6 12 98 82 19 40 8 0 5 37 67 12 18 35 4 0 2 4 4 3 
35 2 1 3 4 5 5 8 32 0 2 8 7 20 17 77 24 4 12 80 10 4 2 42 10 1 9 26 10 4 8 27 15 2 2 27 29 6 3 6 62 2 0 14 23 27 12 65 141 26 41 90 1 0 0 109 14 32 90 137 1 0 0 2 4 0 3 48 38 0 5 13 32 8 33 66 19 1 6 22 141 47 35 25 0 0 0 109 95 27 44 141 15 0 0 9 4 3 6 56 26 0 0 4 58 79 70 20 6 0 1 8 141 141 82 2 0 0 0 11 94 22 1 50 21 0 0 4 
35 51 40 26 5 1 0 4 3 36 120 74 3 0 0 0 0 21 120 50 0 0 0 0 0 3 69 50 0 0 0 0 118 11 2 7 29 8 0 62 102 120 50 25 26 11 0 23 11 39 73 73 120 41 6 4 8 6 45 86 10 5 6 6 120 45 0 0 7 9 3 16 120 30 0 4 15 20 11 79 24 1 1 41 120 74 14 19 59 6 3 10 24 30 39 33 65 25 0 0 0 14 20 9 53 2 0 0 1 26 43 100 12 0 1 4 102 120 25 26 8 3 0 0 11 22 56 25 
85 29 0 0 0 0 0 2 32 33 12 13 9 38 20 6 0 19 75 44 43 58 13 0 1 5 86 33 14 2 3 3 113 20 1 0 0 0 0 40 51 78 113 14 8 12 9 18 5 94 113 17 19 47 9 0 0 4 76 45 49 84 3 0 113 8 0 0 0 0 4 113 59 47 30 3 2 22 113 113 0 4 17 6 17 113 113 10 0 0 2 38 22 78 68 2 105 16 0 0 0 0 6 43 35 24 7 0 4 75 55 34 0 12 26 3 3 109 69 2 0 1 9 4 0 21 66 2 
72 33 23 4 3 4 0 5 90 53 48 73 6 0 0 7 0 32 36 80 60 2 0 0 6 4 2 12 83 4 0 1 64 42 44 61 19 0 0 13 115 23 15 43 13 0 1 91 18 9 15 115 115 12 0 3 27 5 1 90 90 2 0 6 10 10 9 31 19 6 36 42 115 16 8 11 9 20 57 72 32 4 1 24 115 115 64 39 12 0 3 79 67 25 28 21 0 0 0 0 0 1 88 31 1 0 0 0 0 37 115 25 0 0 0 0 3 96 115 12 0 0 0 0 10 40 101 20 
57 8 0 2 1 1 2 17 36 25 64 26 47 8 1 14 0 10 136 36 20 1 0 0 0 23 78 26 26 0 0 0 84 1 0 0 0 11 31 51 136 73 42 11 0 4 12 30 9 13 136 49 8 21 7 1 0 0 42 71 116 60 3 0 67 0 0 0 0 0 13 27 136 4 0 0 0 7 83 136 5 1 3 2 4 136 136 23 0 0 0 1 24 136 59 0 7 0 0 0 0 0 1 7 10 0 0 0 0 7 67 73 0 2 0 0 0 71 101 6 0 0 0 1 0 22 13 0 
1 14 8 1 0 0 0 0 1 20 85 13 0 0 0 0 22 20 66 18 0 0 0 0 7 6 61 20 0 0 0 0 95 59 5 1 0 0 0 7 101 126 126 38 0 0 1 1 18 22 126 126 16 7 2 0 11 12 52 52 14 5 8 3 126 6 0 0 0 0 0 33 126 27 3 1 8 10 4 77 1 1 11 40 91 126 7 4 0 1 7 16 66 95 54 25 62 4 0 0 0 0 0 20 83 0 0 0 3 11 75 126 0 0 0 1 88 109 71 16 0 0 0 3 57 43 6 2 
59 16 2 0 1 6 23 57 6 2 4 1 3 96 121 19 5 2 2 3 6 32 105 82 2 0 2 2 46 48 12 42 13 24 3 22 82 33 28 15 1 0 0 5 85 121 121 26 7 0 0 0 3 8 121 121 34 11 28 15 47 21 31 121 4 1 0 5 121 54 1 0 5 1 1 25 121 47 0 5 50 25 4 11 13 1 6 42 121 61 16 0 0 0 3 55 0 0 16 35 57 21 3 0 5 26 42 88 30 9 0 0 61 33 26 56 3 0 0 5 121 14 10 8 1 0 0 38 
0 0 0 38 55 9 14 20 1 0 0 7 45 24 50 71 71 10 0 0 10 19 44 70 65 25 2 0 2 1 3 13 0 0 3 89 119 31 7 1 12 1 7 43 43 14 7 26 119 27 0 5 1 0 2 52 119 14 0 0 14 3 0 40 23 5 43 119 92 41 31 14 2 10 119 119 4 0 0 2 71 119 119 19 0 0 0 15 39 61 56 34 20 13 2 28 103 32 18 19 0 2 8 16 15 31 106 98 1 0 2 1 11 119 94 5 1 3 4 4 0 25 24 48 34 6 3 0 
0 0 0 0 0 14 131 56 22 0 0 0 4 131 131 44 98 0 0 18 81 45 29 107 6 0 0 14 131 21 7 2 1 0 0 6 21 19 106 27 44 1 0 0 2 75 104 40 131 0 0 0 51 22 4 131 21 19 7 43 131 14 0 8 8 2 1 26 40 3 1 1 28 3 1 4 13 15 4 5 131 4 0 3 13 4 0 87 38 34 19 22 39 3 0 12 2 0 0 7 30 7 1 0 18 34 0 1 15 17 0 0 131 77 0 2 1 0 0 6 42 14 4 6 2 0 0 3 
26 73 19 2 3 7 11 24 21 14 2 11 37 78 54 31 30 22 13 8 24 53 24 73 37 31 6 2 9 8 13 51 10 44 6 8 108 94 23 1 2 1 1 7 34 115 115 8 74 7 0 0 2 36 85 115 97 4 7 3 8 11 23 94 12 3 14 115 115 29 0 3 1 8 115 99 34 18 19 3 68 85 115 19 0 0 14 27 115 40 8 2 0 0 0 31 5 0 6 55 33 5 6 6 18 5 53 62 38 1 4 4 43 31 97 45 0 0 2 6 40 36 33 10 0 0 0 15 
1 9 9 29 27 41 12 4 12 3 5 7 9 107 88 11 13 4 0 0 0 56 115 33 61 9 0 0 2 12 20 39 5 2 8 21 37 115 35 23 0 0 3 33 75 115 55 9 115 8 0 3 12 17 55 101 74 23 6 1 0 22 51 24 3 34 69 78 25 16 8 4 0 3 43 115 115 4 3 1 115 71 51 31 21 1 0 24 76 99 20 3 1 3 0 10 3 9 5 7 23 66 29 28 5 8 87 61 39 2 29 45 9 100 115 25 0 3 19 8 11 83 19 3 4 18 12 0 
8 4 2 4 0 0 0 1 29 8 2 0 0 0 0 6 143 2 0 0 0 0 0 66 80 5 0 0 0 0 0 23 7 5 16 8 0 0 0 3 17 9 11 1 0 0 0 7 143 4 2 0 0 0 0 79 143 20 1 0 0 0 0 41 7 29 143 69 0 0 0 0 2 15 143 32 0 0 0 0 143 83 143 11 0 0 0 13 143 54 8 0 0 0 0 14 15 31 76 23 0 0 0 0 0 13 143 27 0 0 0 0 5 46 143 10 0 0 0 0 28 51 27 0 0 0 0 0 
0 0 0 0 0 21 52 5 0 0 0 0 0 65 135 18 14 0 0 0 0 34 135 64 30 0 0 0 0 0 19 49 0 0 0 0 0 122 135 0 2 0 0 0 0 132 135 3 135 2 0 0 0 23 108 97 135 2 0 0 0 0 2 59 1 0 0 0 0 17 43 5 9 0 0 0 0 10 21 6 135 14 0 0 0 0 4 40 135 18 0 0 0 0 0 32 1 1 0 0 0 1 11 5 9 6 0 0 0 4 10 4 135 27 0 0 0 0 8 26 99 14 0 0 0 0 30 42 
